72488
230434
55322
252171
112018
40615
129886
211232
256326
47336
107341
22760
21086
127020
73449
101656
71512
66068
71068
92286
20215
179633
127790
4364
122539
180998
64900
243952
149807
202759
13903
191016
92103
218775
149817
48659
167377
246910
180605
91649
136946
207637
80112
186450
198767
188225
109305
166572
68904
146857
48681
90504
217547
198713
233924
14557
74462
220146
256614
65755
175752
164484
903
240708
69770
171294
179750
159849
122269
147346
115454
45549
119576
227250
99273
92962
88935
16166
183737
62577
127243
44930
221074
112072
257063
224634
41195
105084
199726
90267
199659
74149
62683
66665
46443
236827
106464
167833
35772
48621
228663
83144
125496
227206
253019
151688
52719
255910
166368
66780
109322
166749
224951
137018
146705
31678
221881
259258
216647
173922
52908
227037
235839
127018
104269
175820
165192
100797
201352
199719
198137
197086
139882
53161
260512
29238
73113
36476
210155
75488
138306
221797
242963
185771
176277
200791
193878
29379
259626
50854
159390
117490
128429
118960
20371
134996
110232
37440
35147
242579
73830
259827
99208
46024
139942
177149
132768
102455
79831
60161
132929
242915
139010
121184
89788
240933
10431
216548
126630
53968
145551
250969
22401
48189
69961
111601
175057
126407
82487
26133
210409
93553
156770
121052
26732
154964
163930
149339
74523
66577
91788
92132
34032
123027
1034
57027
192821
64635
133250
14951
32303
27923
151944
39964
200210
234090
77967
210378
46969
257724
210
171811
77190
125186
23513
213971
254003
192774
2464
41075
119255
193067
205980
186223
26779
217135
256105
45035
175906
150667
57509
105317
17107
101012
33966
91499
89123
2703
28143
169655
8481
119143
83958
164812
189363
136574
172923
242972
47081
104686
41378
168671
229542
169398
36646
211925
63076
39916
153449
178997
229111
257433
28021
214646
75986
66389
105251
247726
189101
241789
188968
194143
140081
132335
221310
145370
156562
180568
137525
198245
105688
67231
237381
220175
71871
38965
128127
54134
208961
124738
111371
49299
4416
107660
87763
250690
127439
170334
30971
106577
261532
39858
260788
232577
62214
215986
136199
184439
254931
48232
193772
89957
258113
35101
164998
206720
55144
111534
158939
251578
75003
9893
118424
153574
87776
50360
169667
85708
198453
46172
218585
194100
16270
153979
138254
236676
74051
262128
30643
180264
103519
198852
189110
103099
117377
34730
114874
70351
131082
131162
209097
126154
49012
232734
2167
161346
122435
210756
251370
134519
120686
161705
95332
5668
213218
61118
65791
145286
140267
149692
139880
83981
72529
122918
107842
166760
55441
253410
155759
233889
29613
61597
24517
209004
248549
89727
132355
175257
190171
6203
95425
145420
172503
161497
154848
116461
256499
2876
245830
45997
31718
129775
86713
178076
3636
68698
175553
85310
40105
124576
248468
27202
252380
37092
154887
39765
121036
11145
223982
126929
165024
68207
139600
204429
231756
130768
251256
56230
153682
258525
239856
91740
45371
241086
12024
48089
38079
149743
140411
27828
43012
154843
193511
179762
237076
201579
109560
169227
50286
261419
208306
256702
20410
58300
236916
45709
13299
61364
207136
198259
152095
72377
105915
239219
208471
73375
193408
194110
124317
45306
194148
63031
209072
249257
189621
92999
43059
217014
23539
75458
76312
23522
75281
182412
33361
239404
241238
29027
178859
258515
131809
200413
251624
152584
139150
60960
141248
237008
200871
9666
208583
182484
234576
