1
130606
21946
226125
62877
96540
218981
256933
78222
131795
121456
105219
224827
145398
184655
51224
170304
75568
61805
73406
23952
74761
45857
188980
257536
189540
257883
158391
8735
241813
68853
186377
32630
212148
174523
69288
114088
141848
9251
583
120668
211462
233081
218858
183362
334
106002
251995
27414
29158
279
641
93553
173595
240981
195666
15448
118176
65737
70225
69261
257784
73600
195404
137933
135558
66209
111712
204040
32808
128933
148706
211047
33873
24266
190113
121079
150393
77742
94048
73256
94077
190772
206217
194722
194621
110765
253542
221706
162657
111556
14823
17143
243278
39333
93186
214094
51209
46243
8525
77841
178839
148734
197957
124067
64238
115640
202729
252480
193897
187088
93458
86934
253287
209845
71514
122021
234302
41261
240434
58168
69748
161185
13275
216539
87833
226225
16127
193964
24692
253105
32783
9547
124350
63009
34830
232236
220675
251429
29872
190778
203412
64251
240636
225880
46341
224857
131373
56594
19152
221585
88151
77560
179133
11289
96406
19479
199786
186524
94981
30299
122229
137062
149530
87974
29234
226896
95655
239498
233601
237905
60814
143478
33667
120571
125736
201495
42934
113674
73246
98752
233459
42143
90246
15662
18131
43535
225927
155442
207731
11221
128196
100033
27812
105240
83936
81970
214634
60906
100468
217670
214458
143186
170177
3867
158280
191701
165130
135090
22852
64717
22781
228983
37497
165075
29729
126557
210898
234604
162223
52304
189698
184018
217948
84493
214793
117647
181971
257406
250315
26373
122605
223429
12522
175346
77756
87503
118353
114063
22462
247042
114692
121625
157285
1496
87061
62841
113370
215366
242990
173973
64266
102550
30776
30305
119424
6591
195545
203089
84180
230047
64371
184536
237930
180200
167834
181705
119614
179913
170933
174731
234195
222357
251535
242464
157731
55138
175538
250143
106783
17951
127685
207852
85727
162192
197870
33666
252112
103790
237517
242204
17134
116412
103966
155237
172495
230937
172590
55451
160284
41272
104218
37427
197800
66391
26627
3860
30479
38079
155137
219245
133513
104732
59279
205723
163520
101324
79637
125650
241700
252754
65802
170911
185016
13530
228400
178976
215760
58795
169846
27536
234270
56221
62456
162284
154860
217669
83852
121240
206199
203137
61740
234867
170344
56868
153204
205408
179709
4156
154246
242567
240652
218400
135330
172799
88817
28352
114937
138161
28968
89104
25253
121911
23580
248671
8502
219667
198375
190799
62521
823
8468
235562
238652
104812
21879
126374
165377
150691
200574
80281
86727
218986
123522
187952
213832
173694
63625
8997
119328
51471
185905
253290
77369
137352
13955
160786
68734
110936
42526
42267
32276
115496
7902
238020
138125
45798
85489
11310
217662
218198
229765
196206
25145
172401
12735
206842
33608
17080
141657
229617
3249
185048
260717
144231
74860
130648
2311
99269
122835
115904
79309
16843
121381
9208
151759
225578
187526
150840
261990
204471
224536
150367
89897
47746
223387
32157
40055
17798
68139
258025
92006
241450
107482
84389
1266
194586
258201
9726
171741
59138
140567
214898
199633
126978
145154
36578
201487
46674
200253
99275
120030
247580
125324
131958
176327
12359
120475
170616
191855
93135
106863
242698
48336
209709
135094
20982
152501
140840
218344
161510
254558
8873
177298
213784
196134
58805
165171
246996
136197
160697
241415
254918
102720
213448
91067
25065
209801
92084
204985
246388
158290
187026
